min_col = ...
    [[255 255 255];
     [234 225 125];
     [255 200 0];
	 [255 192 128];
     [255 128 0];
	 [128 64 0];
	 [205 133 63];
	 [139 0 0];
	 [192 64 0];
	 [174 0 0];
	 [64 0 0];
	 [51 153 102];
     [154 205 50];
	 [128 128 0];
	 [99 150 78];
	 [128 128 128];
	 [192 255 192];
	 [143 188 139];
	 [192 255 255];
	 [0 255 255];
	 [0 0 255];
	 [255 255 0];
	 [255 128 255];
	 [255 0 0];
     [192 0 0];
     [128 128 255];
     [138 43 226];
	 [128 0 128];
     [0 255 0];
     [255 128 128];
	 [255 0 153]]./255;


mins = {'blank','Qtz','Ksp','Ab','An25','An75','Mscv','Bti low','Bti Mg','Bti int',...
    'Bti Fe','Kao','Chl Fe','Chl Mg','Mg Clay','Mg Si','Ill Smec','Ill Smec Fe','Cal',...
    'Dol','Dol Fe','Prt','Gyp Anh','Rtl Ilm','Ttn','Lmt','Cpx',...
    'Fe Amph','Epd Zo','Apt','Zrc'};